
0000 0004 50 4B 03 04 LOCAL HEADER #1       04034B50
0004 0001 14          Extract Zip Spec      14 '2.0'
0005 0001 00          Extract OS            00 'MS-DOS'
0006 0002 00 08       General Purpose Flag  0800
                      [Bits 1-2]            0 'Normal Compression'
                      [Bit 11]              1 'Language Encoding'
0008 0002 08 00       Compression Method    0008 'Deflated'
000A 0004 96 5A 98 52 Last Mod Time         52985A96 'Sat Apr 24 11:20:44 2021'
000E 0004 31 1B CD 8C CRC                   8CCD1B31
0012 0004 11 00 00 00 Compressed Length     00000011
0016 0004 0F 00 00 00 Uncompressed Length   0000000F
001A 0002 0C 00       Filename Length       000C
001C 0002 D6 03       Extra Length          03D6
001E 000C 69 6E 66 6C Filename              'inflated.txt'
          61 74 65 64
          2E 74 78 74
002A 0002 01 00       Extra ID #0001        0001 'ZIP64'
002C 0002 10 00         Length              0010
002E 0008 0F 00 00 00   Uncompressed Size   000000000000000F
          00 00 00 00
0036 0008 11 00 00 00   Compressed Size     0000000000000011
          00 00 00 00
003E 0002 1E A1       Extra ID #0002        A11E 'Data Stream Alignment'
0040 0002 BE 03         Length              03BE
0042 0002 00 04         Alignment           0400
                        [Bit   15]          0    'Recompress False'
                        [Bits 0-14]         400 'Minimal Alignment 1024'
0044 03BC 00 00 00 00   Padding             00 00 00 00 00 00 00 00 00 00 00 00
          00 00 00 00                       00 00 00 00 00 00 00 00 00 00 00 00
          00 00 00 00                       00 00 00 00 00 00 00 00 00 00 00 00
          00 00 00 00                       00 00 00 00 00 00 00 00 00 00 00 00
          00 00 00 00                       00 00 00 00 00 00 00 00 00 00 00 00
          00 00 00 00                       00 00 00 00 00 00 00 00 00 00 00 00
          00 00 00 00                       00 00 00 00 00 00 00 00 00 00 00 00
          00 00 00 00                       00 00 00 00 00 00 00 00 00 00 00 00
          00 00 00 00                       00 00 00 00 00 00 00 00 00 00 00 00
          00 00 00 00                       00 00 00 00 00 00 00 00 00 00 00 00
          00 00 00 00                       00 00 00 00 00 00 00 00 00 00 00 00
          00 00 00 00                       00 00 00 00 00 00 00 00 00 00 00 00
          00 00 00 00                       00 00 00 00 00 00 00 00 00 00 00 00
          00 00 00 00                       00 00 00 00 00 00 00 00 00 00 00 00
          00 00 00 00                       00 00 00 00 00 00 00 00 00 00 00 00
          00 00 00 00                       00 00 00 00 00 00 00 00 00 00 00 00
          00 00 00 00                       00 00 00 00 00 00 00 00 00 00 00 00
          00 00 00 00                       00 00 00 00 00 00 00 00 00 00 00 00
          00 00 00 00                       00 00 00 00 00 00 00 00 00 00 00 00
          00 00 00 00                       00 00 00 00 00 00 00 00 00 00 00 00
          00 00 00 00                       00 00 00 00 00 00 00 00 00 00 00 00
          00 00 00 00                       00 00 00 00 00 00 00 00 00 00 00 00
          00 00 00 00                       00 00 00 00 00 00 00 00 00 00 00 00
          00 00 00 00                       00 00 00 00 00 00 00 00 00 00 00 00
          00 00 00 00                       00 00 00 00 00 00 00 00 00 00 00 00
          00 00 00 00                       00 00 00 00 00 00 00 00 00 00 00 00
          00 00 00 00                       00 00 00 00 00 00 00 00 00 00 00 00
          00 00 00 00                       00 00 00 00 00 00 00 00 00 00 00 00
          00 00 00 00                       00 00 00 00 00 00 00 00 00 00 00 00
          00 00 00 00                       00 00 00 00 00 00 00 00 00 00 00 00
          00 00 00 00                       00 00 00 00 00 00 00 00 00 00 00 00
          00 00 00 00                       00 00 00 00 00 00 00 00 00 00 00 00
          00 00 00 00                       00 00 00 00 00 00 00 00 00 00 00 00
          00 00 00 00                       00 00 00 00 00 00 00 00 00 00 00 00
          00 00 00 00                       00 00 00 00 00 00 00 00 00 00 00 00
          00 00 00 00                       00 00 00 00 00 00 00 00 00 00 00 00
          00 00 00 00                       00 00 00 00 00 00 00 00 00 00 00 00
          00 00 00 00                       00 00 00 00 00 00 00 00 00 00 00 00
          00 00 00 00                       00 00 00 00 00 00 00 00 00 00 00 00
          00 00 00 00                       00 00 00 00 00 00 00 00 00 00 00 00
          00 00 00 00                       00 00 00 00 00 00 00 00 00 00 00 00
          00 00 00 00                       00 00 00 00 00 00 00 00 00 00 00 00
          00 00 00 00                       00 00 00 00 00 00 00 00 00 00 00 00
          00 00 00 00                       00 00 00 00 00 00 00 00 00 00 00 00
          00 00 00 00                       00 00 00 00 00 00 00 00 00 00 00 00
          00 00 00 00                       00 00 00 00 00 00 00 00 00 00 00 00
          00 00 00 00                       00 00 00 00 00 00 00 00 00 00 00 00
          00 00 00 00                       00 00 00 00 00 00 00 00 00 00 00 00
          00 00 00 00                       00 00 00 00 00 00 00 00 00 00 00 00
          00 00 00 00                       00 00 00 00 00 00 00 00 00 00 00 00
          00 00 00 00                       00 00 00 00 00 00 00 00 00 00 00 00
          00 00 00 00                       00 00 00 00 00 00 00 00 00 00 00 00
          00 00 00 00                       00 00 00 00 00 00 00 00 00 00 00 00
          00 00 00 00                       00 00 00 00 00 00 00 00 00 00 00 00
          00 00 00 00                       00 00 00 00 00 00 00 00 00 00 00 00
          00 00 00 00                       00 00 00 00 00 00 00 00 00 00 00 00
          00 00 00 00                       00 00 00 00 00 00 00 00 00 00 00 00
          00 00 00 00                       00 00 00 00 00 00 00 00 00 00 00 00
          00 00 00 00                       00 00 00 00 00 00 00 00 00 00 00 00
          00 00 00 00                       00 00 00 00 00 00 00 00 00 00 00 00
          00 00 00 00                       00 00 00 00 00 00 00 00 00 00 00 00
          00 00 00 00                       00 00 00 00 00 00 00 00 00 00 00 00
          00 00 00 00                       00 00 00 00 00 00 00 00 00 00 00 00
          00 00 00 00                       00 00 00 00 00 00 00 00 00 00 00 00
          00 00 00 00                       00 00 00 00 00 00 00 00 00 00 00 00
          00 00 00 00                       00 00 00 00 00 00 00 00 00 00 00 00
          00 00 00 00                       00 00 00 00 00 00 00 00 00 00 00 00
          00 00 00 00                       00 00 00 00 00 00 00 00 00 00 00 00
          00 00 00 00                       00 00 00 00 00 00 00 00 00 00 00 00
          00 00 00 00                       00 00 00 00 00 00 00 00 00 00 00 00
          00 00 00 00                       00 00 00 00 00 00 00 00 00 00 00 00
          00 00 00 00                       00 00 00 00 00 00 00 00 00 00 00 00
          00 00 00 00                       00 00 00 00 00 00 00 00 00 00 00 00
          00 00 00 00                       00 00 00 00 00 00 00 00 00 00 00 00
          00 00 00 00                       00 00 00 00 00 00 00 00 00 00 00 00
          00 00 00 00                       00 00 00 00 00 00 00 00 00 00 00 00
          00 00 00 00                       00 00 00 00 00 00 00 00 00 00 00 00
          00 00 00 00                       00 00 00 00 00 00 00 00 00 00 00 00
          00 00 00 00                       00 00 00 00 00 00 00 00 00 00 00 00
          00 00 00 00                       00 00 00 00 00 00 00 00
          00 00 00 00
          00 00 00 00
          00 00 00 00
          00 00 00 00
          00 00 00 00
          00 00 00 00
          00 00 00 00
          00 00 00 00
          00 00 00 00
          00 00 00 00
          00 00 00 00
          00 00 00 00
          00 00 00 00
          00 00 00 00
          00 00 00 00
          00 00 00 00
          00 00 00 00
          00 00 00 00
          00 00 00 00
          00 00 00 00
          00 00 00 00
          00 00 00 00
          00 00 00 00
          00 00 00 00
          00 00 00 00
          00 00 00 00
          00 00 00 00
          00 00 00 00
          00 00 00 00
          00 00 00 00
          00 00 00 00
          00 00 00 00
          00 00 00 00
          00 00 00 00
          00 00 00 00
          00 00 00 00
          00 00 00 00
          00 00 00 00
          00 00 00 00
          00 00 00 00
          00 00 00 00
          00 00 00 00
          00 00 00 00
          00 00 00 00
          00 00 00 00
          00 00 00 00
          00 00 00 00
          00 00 00 00
          00 00 00 00
          00 00 00 00
          00 00 00 00
          00 00 00 00
          00 00 00 00
          00 00 00 00
          00 00 00 00
          00 00 00 00
          00 00 00 00
          00 00 00 00
          00 00 00 00
          00 00 00 00
          00 00 00 00
          00 00 00 00
          00 00 00 00
          00 00 00 00
          00 00 00 00
          00 00 00 00
          00 00 00 00
          00 00 00 00
          00 00 00 00
          00 00 00 00
          00 00 00 00
          00 00 00 00
          00 00 00 00
          00 00 00 00
          00 00 00 00
          00 00 00 00
          00 00 00 00
          00 00 00 00
          00 00 00 00
          00 00 00 00
          00 00 00 00
          00 00 00 00
          00 00 00 00
          00 00 00 00
          00 00 00 00
          00 00 00 00
          00 00 00 00
          00 00 00 00
          00 00 00 00
          00 00 00 00
          00 00 00 00
          00 00 00 00
          00 00 00 00
          00 00 00 00
          00 00 00 00
          00 00 00 00
          00 00 00 00
          00 00 00 00
          00 00 00 00
          00 00 00 00
          00 00 00 00
          00 00 00 00
          00 00 00 00
          00 00 00 00
          00 00 00 00
          00 00 00 00
          00 00 00 00
          00 00 00 00
          00 00 00 00
          00 00 00 00
          00 00 00 00
          00 00 00 00
          00 00 00 00
          00 00 00 00
          00 00 00 00
          00 00 00 00
          00 00 00 00
          00 00 00 00
          00 00 00 00
          00 00 00 00
          00 00 00 00
          00 00 00 00
          00 00 00 00
          00 00 00 00
          00 00 00 00
          00 00 00 00
          00 00 00 00
          00 00 00 00
          00 00 00 00
          00 00 00 00
          00 00 00 00
          00 00 00 00
          00 00 00 00
          00 00 00 00
          00 00 00 00
          00 00 00 00
          00 00 00 00
          00 00 00 00
          00 00 00 00
          00 00 00 00
          00 00 00 00
          00 00 00 00
          00 00 00 00
          00 00 00 00
          00 00 00 00
          00 00 00 00
          00 00 00 00
          00 00 00 00
          00 00 00 00
          00 00 00 00
          00 00 00 00
          00 00 00 00
          00 00 00 00
          00 00 00 00
          00 00 00 00
          00 00 00 00
          00 00 00 00
          00 00 00 00
          00 00 00 00
0400 0011 F3 48 CD C9 PAYLOAD               .H...WpIM.I,IM...
          C9 57 70 49
          4D CB 49 2C
          49 4D E1 02
          00

0411 0004 50 4B 03 04 LOCAL HEADER #2       04034B50
0415 0001 0A          Extract Zip Spec      0A '1.0'
0416 0001 00          Extract OS            00 'MS-DOS'
0417 0002 00 08       General Purpose Flag  0800
                      [Bit 11]              1 'Language Encoding'
0419 0002 00 00       Compression Method    0000 'Stored'
041B 0004 96 5A 98 52 Last Mod Time         52985A96 'Sat Apr 24 11:20:44 2021'
041F 0004 7E A9 30 44 CRC                   4430A97E
0423 0004 0D 00 00 00 Compressed Length     0000000D
0427 0004 0D 00 00 00 Uncompressed Length   0000000D
042B 0002 0A 00       Filename Length       000A
042D 0002 1A 00       Extra Length          001A
042F 000A 73 74 6F 72 Filename              'stored.txt'
          65 64 2E 74
          78 74
0439 0002 01 00       Extra ID #0001        0001 'ZIP64'
043B 0002 10 00         Length              0010
043D 0008 0D 00 00 00   Uncompressed Size   000000000000000D
          00 00 00 00
0445 0008 0D 00 00 00   Compressed Size     000000000000000D
          00 00 00 00
044D 0002 1E A1       Extra ID #0002        A11E 'Data Stream Alignment'
044F 0002 02 00         Length              0002
0451 0002 01 84         Alignment           8401
                        [Bit   15]          1    'Recompress True'
                        [Bits 0-14]         401 'Minimal Alignment 1025'
0453 000D 48 65 6C 6C PAYLOAD               Hello Stored.
          6F 20 53 74
          6F 72 65 64
          0A

0460 0004 50 4B 01 02 CENTRAL HEADER #1     02014B50
0464 0001 14          Created Zip Spec      14 '2.0'
0465 0001 00          Created OS            00 'MS-DOS'
0466 0001 14          Extract Zip Spec      14 '2.0'
0467 0001 00          Extract OS            00 'MS-DOS'
0468 0002 00 08       General Purpose Flag  0800
                      [Bits 1-2]            0 'Normal Compression'
                      [Bit 11]              1 'Language Encoding'
046A 0002 08 00       Compression Method    0008 'Deflated'
046C 0004 96 5A 98 52 Last Mod Time         52985A96 'Sat Apr 24 11:20:44 2021'
0470 0004 31 1B CD 8C CRC                   8CCD1B31
0474 0004 11 00 00 00 Compressed Length     00000011
0478 0004 0F 00 00 00 Uncompressed Length   0000000F
047C 0002 0C 00       Filename Length       000C
047E 0002 06 00       Extra Length          0006
0480 0002 00 00       Comment Length        0000
0482 0002 00 00       Disk Start            0000
0484 0002 00 00       Int File Attributes   0000
                      [Bit 0]               0 'Binary Data'
0486 0004 00 00 00 00 Ext File Attributes   00000000
048A 0004 00 00 00 00 Local Header Offset   00000000
048E 000C 69 6E 66 6C Filename              'inflated.txt'
          61 74 65 64
          2E 74 78 74
049A 0002 1E A1       Extra ID #0001        A11E 'Data Stream Alignment'
049C 0002 02 00         Length              0002
049E 0002 00 04         Alignment           0400
                        [Bit   15]          0    'Recompress False'
                        [Bits 0-14]         400 'Minimal Alignment 1024'

04A0 0004 50 4B 01 02 CENTRAL HEADER #2     02014B50
04A4 0001 14          Created Zip Spec      14 '2.0'
04A5 0001 00          Created OS            00 'MS-DOS'
04A6 0001 0A          Extract Zip Spec      0A '1.0'
04A7 0001 00          Extract OS            00 'MS-DOS'
04A8 0002 00 08       General Purpose Flag  0800
                      [Bit 11]              1 'Language Encoding'
04AA 0002 00 00       Compression Method    0000 'Stored'
04AC 0004 96 5A 98 52 Last Mod Time         52985A96 'Sat Apr 24 11:20:44 2021'
04B0 0004 7E A9 30 44 CRC                   4430A97E
04B4 0004 0D 00 00 00 Compressed Length     0000000D
04B8 0004 0D 00 00 00 Uncompressed Length   0000000D
04BC 0002 0A 00       Filename Length       000A
04BE 0002 06 00       Extra Length          0006
04C0 0002 00 00       Comment Length        0000
04C2 0002 00 00       Disk Start            0000
04C4 0002 00 00       Int File Attributes   0000
                      [Bit 0]               0 'Binary Data'
04C6 0004 00 00 00 00 Ext File Attributes   00000000
04CA 0004 11 04 00 00 Local Header Offset   00000411
04CE 000A 73 74 6F 72 Filename              'stored.txt'
          65 64 2E 74
          78 74
04D8 0002 1E A1       Extra ID #0001        A11E 'Data Stream Alignment'
04DA 0002 02 00         Length              0002
04DC 0002 01 84         Alignment           8401
                        [Bit   15]          1    'Recompress True'
                        [Bits 0-14]         401 'Minimal Alignment 1025'

04DE 0004 50 4B 05 06 END CENTRAL HEADER    06054B50
04E2 0002 00 00       Number of this disk   0000
04E4 0002 00 00       Central Dir Disk no   0000
04E6 0002 02 00       Entries in this disk  0002
04E8 0002 02 00       Total Entries         0002
04EA 0004 7E 00 00 00 Size of Central Dir   0000007E
04EE 0004 60 04 00 00 Offset to Central Dir 00000460
04F2 0002 00 00       Comment Length        0000
Done
